11000000010010111100000101100001
01000000001000101100011110100100
0
10111111001000111110011011110100
11000000010010111100000101100001
01000000001000101100011110100100
1
11000000101101110100010010000010
01000100100110110010110111010110
01000100101010011111110101011111
0
01000101001000101001010110011010
01000100100110110010110111010110
01000100101010011111110101011111
1
11000010111011001111100010010000
01000110000110111111010101000000
01001001100101100101000110111000
0
01001001100101111000100110100010
01000110000110111111010101000000
01001001100101100101000110111000
1
11001001100101010001100111001110
01001110001101111111001011100100
01011011101100000000111010011011
0
01011011101100000000111010011011
01001110001101111111001011100100
01011011101100000000111010011011
1
11011011101100000000111010011011
11000101010010101100000101100001
01010010001000101100011010100100
0
01010010001000101100011010100100
11000101010010101100000101100001
01010010001000101100011010100100
1
11010010001000101100011010100100
01010100100110110010110111010110
01010110101010011101110101011111
1
11010110101000000010101010000010
01010100100110110010110111010110
01010110101010011101110101011111
0
01010110101100111001000000111100
11100011101111111000111010011011
11101111101101010100101011011011
0
11101111101101010100101011011100
11100011101111111000111010011011
11101111101101010100101011011011
1
01101111101101010100101011011010
01101111101101010100101011011010
00001101111001100110011011011010
0
01101111101101010100101011011010
01101111101101010100101011011010
00001101111001100110011011011010
1
01101111101101010100101011011010